126 128 131 132 133 134 135 135 136 138 137 137 138 138 139 137 142 140 138 139 137 137 136 135 134 133 134 132
129 132 134 135 135 137 139 139 139 140 141 141 142 143 142 142 116 138 141 140 141 140 139 138 137 136 136 134
133 135 138 139 139 141 142 143 142 143 145 145 143 145 145 158  94 118 151 143 144 144 142 141 141 140 139 138
137 139 142 142 142 144 146 146 146 147 147 147 148 117 128 168 101  98 157 146 147 146 146 145 144 143 142 141
140 142 145 146 147 148 149 149 149 151 151 149 161 114  99 174  99  84 162 149 151 149 148 147 146 146 145 144
143 145 149 150 150 151 153 153 154 153 154 152 167 126  88 169  99  87 164 152 153 152 151 150 149 148 148 147
145 147 151 152 153 155 155 155 151 154 158 155 170 130  79 166 111  93 166 156 157 156 155 153 152 152 152 150
149 150 153 155 155 158 157 163 129 120 166 156 171 140  82 162 102  97 168 158 160 158 162 160 154 154 154 152
151 152 156 158 159 159 158 164 139  91 165 159 174 144  71 156  96 100 171 161 161 158 128 145 162 156 155 155
152 155 159 160 161 161 160 168 158  76 159 164 172 142  63 155 117 100 174 159 164 164 126 103 162 161 158 157
153 157 160 162 162 162 164 167 158  78 158 167 167 156  73 133 129 102 172 157 148 130 156 132 129 163 161 159
157 159 162 164 164 165 166 167 173  89 139 172 162 163  79  98 132 111 170 160 142  54 125 150 102 150 167 162
159 161 166 165 167 167 167 168 178 118 112 175 164 167  82  91 129 110 160 156 130  96 157 130 106 169 165 164
159 162 166 167 168 168 170 169 164 168 132 141 162 153 103 113 117  96 133 143 107 147 172  99 139 174 165 166
161 164 167 170 171 171 170 173 160 173 162 129 132 132 109 109 108  99 135 142 111 163 154  77 156 172 167 167
165 167 168 171 172 173 173 174 169 170 182 150 125 124 100 106 103 102 130 138 124 178 130  64 168 172 170 169
165 168 170 171 172 174 175 174 175 172 195 170 114 110  94  89  98 105 127 134 124 182 126  80 180 171 171 171
166 169 171 172 173 174 175 176 177 174 197 179 119  86  87  81  94 118 136 123 116 177 127  94 183 172 173 173
169 172 172 174 175 174 177 178 178 175 192 176 126  87  86  82 109 130 147 159 128 164 128 100 184 174 173 173
169 172 173 173 176 178 179 178 181 175 189 171 126  89  80  90 121 137 164 175 141 140 108  95 184 176 175 173
171 173 174 175 177 179 179 179 181 174 189 171 134  91  80  98 134 159 164 167 153 114  73  82 185 176 177 177
172 173 174 177 178 179 180 180 183 174 186 172 138  93  82  97 143 172 169 160 132  89  44 108 189 176 178 178
171 173 177 178 179 180 181 182 185 178 179 170 137  95  88  90 152 180 167 141 112  65  64 176 183 179 179 178
173 174 178 179 179 180 182 183 186 175 165 168 137 100  96  88 149 168 147 122  92  50 144 193 181 181 180 179
173 174 177 179 180 180 183 182 187 177 158 161 130 111 101  91 136 150 135 112  62  87 192 183 185 183 181 180
173 174 177 178 179 179 181 182 184 179 156 151 124 116  96  88 128 138 126  81  49 164 190 184 185 184 182 181
172 174 177 178 178 178 180 182 184 177 160 154 128 114  97  78 114 112  89  48 133 194 182 185 184 184 182 181
172 174 177 178 178 179 181 183 187 175 165 154 118 107 100  75  96  83  47 104 194 183 186 184 184 184 182 180