0.0999469
0.0999392
 0.100065
  0.10002
 0.100022
0.0999629
0.0999757
0.0998719
0.0999667
0.0999629
0.0999009
0.0997968
0.0999192
0.0999671
0.0999638
0.0999105
 0.100015
 0.100046
0.0999955
0.0999177
  0.10007
0.0999579
 0.100008
 0.100006
 0.100158
0.0999895
0.0999975
0.0999891
 0.100018
 0.100106
 0.100022
0.0999724
0.0998608
0.0999912
0.0998923
0.0999464
  0.09999
0.0999892
 0.100033
  0.10007
  0.10022
0.0999511
 0.099979
 0.100021
0.0999862
0.0998007
  0.10001
0.0999583
0.0999882
0.0999498
 0.100073
  0.10019
  0.10003
0.0999486
 0.100019
0.0998995
0.0999687
 0.100037
  0.10003
 0.100046
0.0999522
0.0999648
0.0999567
 0.100074
  0.10003
 0.100058
  0.10003
0.0999853
 0.100033
0.0999542
 0.100094
0.0999579
 0.099947
0.0999599
0.0999669
0.0998436
0.0999338
0.0999937
0.0999673
0.0998731
 0.100033
 0.100236
0.0999262
0.0999985
 0.100009
 0.100029
 0.099886
0.0999037
0.0999581
0.0999776
0.0999439
 0.100115
0.0999685
 0.099897
0.0999563
0.0999576
0.0999233
 0.100046
 0.100215
0.0999197
0.0999941
 0.100092
0.0998827
0.0999788
 0.100296
 0.100043
0.0999176
0.0999995
 0.100379
0.0999607
0.0999707
0.0999119
 0.100133
 0.100152
 0.100032
0.0998779
0.0999542
  0.09996
0.0999875
0.0999843
 0.100005
0.0999691
0.0998204
0.0999901
0.0999365
 0.099948
0.0999968
0.0999892
0.0999733
 0.100025
0.0999781
 0.100043
 0.100018
  0.10001
0.0999832
0.0999765
0.0999956
0.0999161
 0.100125
0.0999366
 0.100154
0.0998265
0.0999671
 0.100106
 0.100005
0.0999416
0.0999956
0.0999446
0.0999288
  0.10002
  0.10022
 0.100012
0.0999405
0.0999441
0.0999407
0.0999444
0.0999991
 0.100043
0.0999932
0.0999903
0.0999595
0.0998241
0.0999969
0.0999969
0.0999106
0.0998342
0.0999749
0.0998918
 0.100051
  0.10005
0.0999877
0.0999667
      0.1
0.0999683
 0.099986
 0.100007
0.0999686
0.0998193
 0.100113
0.0998413
 0.100016
 0.100035
 0.100267
 0.100119
0.0999759
 0.100048
0.0999458
 0.100194
 0.100223
 0.099899
0.0999416
0.0999608
 0.100213
  0.10003
 0.100013
0.0999849
0.0999681
0.0999567
0.0999907
0.0999259